10 10
0.82 0.05 0.65 0.97 0.65 0.84 0.47 0.94 0.54 0.7
0.92 0.05 0.76 0.54 0.16 0.2 1 0.49 0.95 0.6
0.21 0.3 0.91 0.16 0.36 0.13 0.24 0.73 0.07 0.83
0.6 0.7 0.44 0.41 0.1 0.97 0.13 0.95 0.74 0.52
0.84 0.64 0.44 0.98 0.28 0.31 0.86 0.37 0.03 0.83
0.99 0.17 0.53 0.85 0.42 0.03 0.26 0.08 0.59 0.85
0.79 0.73 0.48 0.45 0.05 0.5 0.12 0.98 0.21 0.78
0.01 0.25 0.88 0.27 0.07 0.25 0.41 0.65 0.55 0.61
0.28 0.11 0.54 0.15 0.67 0.09 0.83 0.84 0.05 0.42
0.25 0.98 0.86 0.44 0.1 0.89 0.69 0.1 0.08 0.67